16 29
38	31	7	9.53	14	4	17	1	6	3	72.8	59.5	40.3	26.1	55.5	0.469	7.29	20	0.365	13.4	18.3	0.732	8.29	34.1	13.6	7.32	4.89	12	17.4	0
38	35	3	10.15	16	2	15	1	10	1	71.4	56.1	40.4	25.6	54.1	0.474	8.45	21.4	0.395	11.7	15.7	0.744	9	34.9	14.3	5.55	3.92	9	14.3	1
41	33	8	9.41	13	5	15	1	6	5	73.6	63.3	40.4	26.6	57	0.468	8.8	24.7	0.357	11.6	17.5	0.661	8.41	33.3	14.3	6.37	3.07	9.24	15.7	0
40	36	4	10.24	14	4	12	1	9	3	86.6	70.2	40.4	30.5	61	0.5	11.6	28.9	0.401	14	17.9	0.779	9.63	35.9	16.4	6.47	4.05	10.7	16.1	1
39	37	2	4.13	17	1	15	1	10	0	82.6	61.5	40	29.5	58.5	0.504	7.33	19.2	0.382	16.4	22.8	0.717	9.69	40.7	15.3	6.79	4.69	11.5	16.9	0
40	33	7	11.76	14	4	16	0	6	5	84.4	70.6	40.1	30.6	65.8	0.466	7.08	19.9	0.355	16.1	22.9	0.701	15.8	43.7	18.1	7.08	3.48	11.8	17.8	1
40	33	7	10.69	14	4	15	1	6	5	82.8	70	40	30.9	64	0.482	5.6	17.1	0.327	15.4	20.6	0.747	14.2	40.6	17.7	6.72	4.42	10.8	17.9	0
40	35	5	9.71	16	2	15	1	10	2	78	63.6	40.1	27.1	56.2	0.483	8.68	24	0.362	15	19.1	0.782	8.78	34.6	15.9	7.05	3.4	11	17	1
24	22	2	5.36	13	1	11	0	7	1	84.4	66.4	40.2	31.1	63	0.493	10.3	24.7	0.418	11.9	17	0.697	12.9	36.5	17	8.96	3.75	12.4	17.2	1
26	26	0	3.43	15	0	12	0	7	0	92.1	69.1	40	34.2	62	0.551	7.31	20	0.365	16.5	22.7	0.727	9.58	37.9	18.3	8.31	2.85	12.1	16.7	0
39	35	4	9.87	15	3	15	1	9	2	79.3	64.2	40.3	28.2	56.2	0.502	7.26	18.8	0.387	15.6	22.4	0.699	11.4	36.8	15.1	7.13	3.82	10.8	15.6	1
40	36	4	10.29	16	2	15	1	10	2	72.5	58.2	40.3	25.4	52.9	0.479	7.2	19.8	0.365	14.6	19.1	0.763	9.57	33.5	12.6	4.35	3.17	7.4	12.5	0
40	32	8	8.63	12	6	14	3	6	4	71.8	63.2	40.3	24.3	54.1	0.449	7.17	18.5	0.387	16.1	20.7	0.777	9.68	34.7	12.2	7.03	5.75	11.4	18	1
40	29	11	9.9	12	6	16	2	5	5	74.8	66.6	40.4	25.1	55.3	0.454	5.08	15.3	0.332	19.5	28.6	0.682	14.1	40.2	11.2	4.72	5.9	11.7	18.3	0
34	28	6	11.39	14	4	16	1	6	4	78.6	68.1	40.4	28.6	59.6	0.481	7.15	20.1	0.355	14.1	19.5	0.724	11.1	37.4	15.4	6.41	4.15	12.5	15.9	1	1	1	1	1	1
33	24	9	7.35	15	5	15	2	8	3	77.5	71.7	40.3	27.6	61	0.453	8.27	22.9	0.362	14	18.1	0.772	10.7	39.8	14.8	5.42	3.85	11.7	14.4	1	1	1	1	1	0
