224  29
40	30	10	10.92	11	7	15	2	4	6	79.7	68.8	40.4	27.4	61	0.45	11.3	30.1	0.377	13.5	19	0.711	11.4	34.2	14.3	9.22	4.75	11.7	18.3	1
34	20	14	9.26	10	8	13	5	5	6	71.8	67.7	40.1	25.6	57.8	0.442	8.06	23.6	0.341	12.6	18.7	0.677	13.2	37.7	13.9	6.15	4.68	13.1	18.7	0
36	32	4	2.62	16	2	14	0	12	3	84.4	70.8	40.1	30.1	65.1	0.462	9.56	28.4	0.337	14.6	21.3	0.687	12.6	40.8	16.6	7.31	3.89	12	18.3	0
33	24	9	5.58	13	5	15	2	5	5	72.3	64.5	40.2	24.8	53.4	0.465	6.94	19	0.365	15.7	24.2	0.649	9.55	36.8	13.3	5.73	4.55	11.9	16.8	0
38	32	6	11.98	14	4	15	2	7	2	82.7	67.8	40.1	30.4	63.6	0.478	7.32	23.8	0.308	14.5	21.1	0.686	13	41.2	15.9	9.11	6.76	12.8	15.7	1
36	20	16	11.22	9	9	9	6	5	6	67.8	63.6	40.4	23.8	56	0.425	8.08	24.2	0.334	12.1	16.8	0.721	10.4	33.4	12.1	7.14	3.64	11.7	17.1	0
37	29	8	10.26	13	5	15	1	6	4	74.9	67.2	40.5	25.9	58.7	0.442	7.35	22.1	0.332	15.6	21	0.744	11.3	37.6	12.8	7.19	4.35	13.3	19.1	1
37	33	4	5.01	16	0	17	0	9	1	87.6	64.9	40	31.8	60.5	0.526	7.76	21.4	0.363	16.3	21.4	0.761	9.57	39	18.1	7.51	5.51	10.6	16.3	1
37	33	4	4.61	16	2	19	1	10	1	75.3	61	40	26.5	59.5	0.446	9	25.4	0.355	13.2	18.8	0.703	12.1	40.6	14.8	6.49	4.35	11.1	19.1	1
35	23	12	9.84	10	10	14	4	4	6	78.3	73.9	40.4	26.1	57.3	0.456	8.14	22.3	0.364	17.9	24.3	0.739	10.2	35.6	15.5	6.03	3.2	12.2	16.1	0
36	26	10	12.79	12	6	16	0	3	8	75.7	70.1	40.4	27.5	59.1	0.465	7.22	20.6	0.35	13.5	19.2	0.705	10.4	38.2	13.3	6.75	3.86	13.1	16.9	0
37	30	7	10.29	15	3	17	1	8	2	75.8	64.7	40.3	26.4	55.4	0.477	5.81	16.4	0.354	17.2	23.2	0.739	11.5	38.6	13.5	5.95	4.76	12.6	16.2	1
36	29	7	-3.88	14	2	16	1	11	3	73.7	61.4	40	26.8	54.9	0.487	8.94	24.3	0.369	11.3	14.6	0.775	7.5	32.6	14.8	6.19	2.67	11	15.1	0
35	28	7	9.16	16	2	15	2	9	1	80.4	73.1	41	28.2	61.8	0.457	6.74	21.1	0.319	17.2	22.9	0.752	13.1	38.7	12.9	8.8	4.23	12.9	18.1	1
34	23	11	10.09	13	7	15	3	6	5	71.4	65.5	40	25.2	56.1	0.449	7.26	20.8	0.349	13.7	18.4	0.743	11.1	39.3	13.1	4.35	4.79	12.9	15.5	0
37	30	7	10.55	15	5	17	1	7	4	69.6	58.3	40	25.4	56.8	0.448	7.76	22.7	0.342	11	15.6	0.701	8.08	35.3	13.8	6.08	4.03	9.03	13.9	1
39	32	7	12.34	16	4	15	1	8	4	77.6	65	40.3	27.5	57.2	0.48	8.18	21.6	0.378	14.5	19.2	0.753	10.6	40.5	18.3	5.15	5.26	12.6	16.6	1
36	22	14	11.27	9	11	14	3	2	9	70.6	69.4	40.1	24.6	56.6	0.435	5.31	16.8	0.317	16.1	23.6	0.682	11.2	36.5	14.5	4.86	3.89	11.6	16.1	0
33	28	5	-3.11	16	2	15	1	10	3	82.6	68.3	40	29.9	60.8	0.492	7.82	22.2	0.353	14.9	20.4	0.733	10.6	37.8	17.9	7.55	4.52	12.2	16	0
36	29	7	11.35	16	2	14	2	11	1	85.8	73.2	40.1	31.1	66.9	0.464	8.67	23.9	0.362	15	20.2	0.743	13.3	44.1	18.8	7	3.33	13.1	17	1
35	20	15	11	8	12	12	6	4	7	69.1	66.2	40.1	24	55.2	0.434	7.54	22.1	0.341	13.6	18.6	0.734	9.37	34.7	14.1	5.89	2.43	12.5	17.8	0
34	20	14	12.21	7	11	11	4	5	7	71.3	68.2	40.1	26	58.1	0.447	6.65	19.2	0.346	12.7	18.2	0.697	8.97	37.1	12.6	5.97	3	11.8	15.5	0
38	25	13	6.13	10	8	13	4	5	7	70	62.2	40.3	25.2	55.9	0.451	7.76	22.1	0.351	11.8	16.4	0.721	9.5	34.4	13.2	7.63	4.26	11.6	17.5	1
36	26	10	11.99	16	4	15	0	6	6	76.7	67.3	40.6	26.9	59.6	0.451	10.1	27.1	0.374	12.8	17.8	0.719	11.7	37.3	14.4	6.11	3.97	10.6	17.4	1
37	31	6	10.16	15	3	18	0	7	3	82	69.7	40.7	29.9	60.3	0.496	7.08	19.3	0.367	15.2	20.1	0.754	10.2	37.6	17.8	5.97	5.38	11.1	17.7	1
38	31	7	9.53	14	4	17	1	6	3	72.8	59.5	40.3	26.1	55.5	0.469	7.29	20	0.365	13.4	18.3	0.732	8.29	34.1	13.6	7.32	4.89	12	17.4	1
37	31	6	-2.3	15	1	12	2	13	2	72.3	63.6	40.5	26.7	58.4	0.457	6.81	18.9	0.359	12.1	17.3	0.702	11.6	39.8	12.9	5.68	4.14	11.9	18.2	0
36	26	10	7.97	13	5	13	2	5	6	73.7	67.4	40.4	24.6	56.1	0.438	10.6	30	0.352	14.1	19.3	0.728	10.2	34.8	14	5.39	2.94	10.8	16.1	0
38	35	3	10.15	16	2	15	1	10	1	71.4	56.1	40.4	25.6	54.1	0.474	8.45	21.4	0.395	11.7	15.7	0.744	9	34.9	14.3	5.55	3.92	9	14.3	1
35	26	9	7.79	12	6	14	2	5	5	73.5	62.1	40.3	25.5	54.3	0.47	9.34	23.7	0.394	13.2	17.3	0.761	8.86	32.6	15.2	6.74	2.23	11.2	15.2	1
36	27	9	7.01	15	3	15	1	7	4	69.8	64.8	40.1	24.5	54.3	0.451	7.58	21.7	0.35	13.1	18.9	0.695	9.28	31.4	11.6	8.97	5.72	13.3	18.1	0
35	30	5	0.8	18	0	15	1	11	3	82.3	65.6	40.3	29.8	60.9	0.49	11	26.5	0.414	11.6	16.5	0.704	10.4	35.2	15.1	6.66	3	10.8	16.8	0
36	20	16	10.64	8	10	12	4	2	8	72.3	70.6	40	25.3	54.9	0.461	6.36	19.5	0.326	15.4	23	0.67	10	35.8	12.7	6.33	5.33	14.3	18.8	0
34	26	8	7.29	13	5	15	1	7	4	81.9	73.2	40	26.6	61.8	0.431	9.53	26.7	0.357	19	24.6	0.774	12	37.9	14.1	7.41	5.29	12.1	19.8	0
36	27	9	0.25	15	3	14	1	8	5	84.6	76.2	40.4	30.7	64.8	0.473	9.75	26.3	0.37	13.5	19.3	0.699	11.9	38.6	16.6	6.25	4.06	12.4	21	0
35	21	14	10.55	9	9	14	3	3	7	78.9	72.6	40.9	29.1	61.6	0.473	8.2	23	0.357	12.5	16.1	0.776	9.26	34.2	14	6.63	2.86	11.2	18.3	0
36	31	5	3.53	16	2	15	1	9	2	74.3	57.5	40	26.2	58.3	0.45	7.28	20.6	0.353	14.5	21	0.692	13.3	39.3	15.8	7.11	5.39	11.2	15.6	0
35	25	10	9.25	11	7	15	1	4	6	73.8	65.9	40.3	25.7	56.3	0.456	8.23	22.5	0.366	14.2	18.9	0.755	8.94	35.9	13.2	5.66	4.83	11.8	16.1	1
37	29	8	9.71	13	5	15	1	6	5	84.4	69.6	40.3	30.4	61.8	0.492	8.35	22.5	0.372	15.2	21.4	0.71	13.4	41.1	17.5	7.43	5	12.4	15.5	1
35	23	12	8.5	9	9	13	2	4	7	80.2	72.9	40.6	28.4	60.7	0.468	7.8	22.3	0.35	15.5	22.5	0.691	11.4	37.8	14.9	6.89	5.31	13	18.6	1
34	21	13	10.08	11	7	12	5	5	4	75.8	69.2	40.4	26.3	60.7	0.432	9.06	24.5	0.37	14.2	19.8	0.718	10.8	35.2	13.1	6.97	4.82	9.85	17.4	0
37	32	5	2.59	17	1	15	1	10	1	83.5	67.7	40.5	30.4	61.1	0.498	8.86	24.1	0.368	13.9	19.6	0.708	11.2	39.9	15.2	6.32	3.62	11.4	17.1	1
35	27	8	4.16	14	4	15	0	6	5	76.7	64.9	40	27.2	59	0.461	8.49	21.9	0.387	13.8	19.3	0.718	11.7	38.6	14.4	6.23	3.03	11.9	21.1	0
37	25	12	8.74	10	8	14	3	6	5	71.1	67	40.1	25.3	54.7	0.463	6.86	20.1	0.341	13.6	18.5	0.734	8.22	30.7	13.8	7.95	2.97	11.4	18.5	1
39	31	8	11.87	13	5	14	3	8	3	81.4	71.9	40.1	29.9	60.7	0.492	10	25	0.401	11.6	16.4	0.708	9.77	35.6	16.6	6.51	4.1	11.7	15.3	1
37	26	11	10.73	10	8	16	2	4	6	76.8	70.2	40.1	27	57.2	0.472	5.27	14.8	0.357	17.5	25.1	0.698	11.9	38.7	13.2	5.62	4.76	13	19	1
38	32	6	1.81	15	3	14	1	9	4	71.6	62.6	40	26.2	51.7	0.507	7.29	18.4	0.396	11.9	16.5	0.725	6.26	32.2	15.6	6.34	2.37	12.4	13.9	1
36	25	11	0.44	12	6	15	2	6	8	83.8	79.1	40.4	28.9	62	0.467	10.1	28.1	0.358	15.9	20.8	0.764	8.14	35.8	17.1	7	5.81	13.2	17.1	0
36	25	11	-3.84	12	4	15	2	9	7	73.1	68.5	40	25.7	58	0.443	10.1	26.1	0.387	11.5	17.8	0.646	9.67	34.6	15.2	7.47	2.42	12.2	16.4	0
35	30	5	7.1	16	2	16	1	8	1	80.2	64.9	40.1	28.3	57	0.496	8.29	20.7	0.4	15.3	20.5	0.747	11.6	41.1	19.1	4.09	7.17	13.1	18.3	0
41	33	8	9.41	13	5	15	1	6	5	73.6	63.3	40.4	26.6	57	0.468	8.8	24.7	0.357	11.6	17.5	0.661	8.41	33.3	14.3	6.37	3.07	9.24	15.7	1
37	29	8	4.93	15	3	14	1	11	3	82.6	73.1	40.5	28.4	60.5	0.469	9.57	24.4	0.392	16.3	21.9	0.743	9.24	35.6	16.2	6.22	4.05	9.65	17	1
37	26	11	11.78	11	7	12	3	6	5	81.6	73.3	40.1	29.9	65.3	0.457	8.24	22.9	0.359	13.6	18.3	0.743	13.8	42.4	18.2	5.76	4.08	12	15.9	0
34	25	9	9.03	15	3	16	2	6	2	76.2	67.6	40.4	28	58.2	0.48	7.03	19.9	0.353	13.2	18.1	0.731	9.82	36.6	14.7	6.15	3.88	11.7	17.5	0
37	30	7	8.74	15	3	16	1	8	2	80.4	65.7	40.1	27.9	56.7	0.493	9.54	22.7	0.42	15	20.2	0.743	8.62	35	16.2	5.7	4.86	10.8	15.7	1
34	26	8	4.61	15	3	15	1	7	4	76	68.8	40.3	28.1	61.6	0.455	6.94	19.7	0.352	12.9	18.5	0.697	11.4	34.4	15.3	7.32	3.47	10.6	19	0
34	22	12	10.11	10	8	14	3	5	6	79.4	73.9	40.3	28.6	61	0.468	7.35	20.1	0.365	15	21.4	0.698	12.2	38.3	15.5	6.18	3.44	12.7	18.1	0
37	23	14	10.02	8	10	14	5	4	6	66.6	63.8	40.5	22.5	53.9	0.417	5.62	17.7	0.318	16.1	21.8	0.736	11.9	37.2	10.7	6.97	5.35	12.4	16.5	1
35	26	9	10.12	13	5	13	2	8	4	73.8	65.7	40.3	25.3	57.5	0.44	7.8	20.5	0.38	15.5	20.4	0.757	11.5	36.1	15.7	6.34	4.46	12.1	19.4	0
35	22	13	10.62	9	9	13	3	4	7	75.2	70.5	40	27.9	60.6	0.46	6.57	20	0.329	12.8	19.4	0.661	12.3	41.4	15.4	5.43	5.97	13.6	16.4	1
37	27	10	9.6	11	7	17	1	4	6	74.6	64.8	40.3	26.1	56.6	0.46	6.81	19	0.359	15.6	22.2	0.704	11	36	14.3	7.08	4.27	12.3	18.1	1
40	36	4	10.24	14	4	12	1	9	3	86.6	70.2	40.4	30.5	61	0.5	11.6	28.9	0.401	14	17.9	0.779	9.63	35.9	16.4	6.47	4.05	10.7	16.1	1
37	26	11	9.36	11	7	14	3	5	5	80.1	69.6	40.1	28	64.2	0.436	8.7	24.6	0.353	15.4	20.1	0.766	14.1	37.9	15.2	8.14	5.19	11.4	21.6	1
35	29	6	9.45	15	3	17	1	9	2	84.4	74.7	40.4	28.9	58.7	0.492	7.83	21	0.372	18.8	24.1	0.779	9.86	38.3	16.5	5.86	3.11	12.6	17.2	0
37	32	5	7.63	16	2	15	1	9	1	76.6	65.9	40	26.4	55.4	0.477	6.59	16.9	0.39	17.2	22.4	0.765	10.3	36.7	13.5	5.43	3.22	11.2	16.9	1
36	26	10	8.6	12	6	15	3	6	5	79.3	73.9	40	27.7	60.1	0.461	6.47	17.7	0.365	17.4	22.9	0.761	11.1	36.1	13.8	7.72	4.72	11.9	20.5	0
35	27	8	11.87	12	6	15	2	6	4	72.9	63.7	40	26.3	55.9	0.471	6.57	18.3	0.359	13.7	18.9	0.723	12.9	38	15.5	5.14	4.74	13.4	17.6	1
34	25	9	10.23	12	6	13	3	7	4	76.3	68.9	40.3	26.6	55.8	0.477	7.68	21	0.366	15.4	20.7	0.741	8.44	32.1	13.3	6.06	2.82	10.2	18.8	1
36	30	6	5.49	16	2	18	0	8	3	74.3	61.3	40.3	26.9	58.8	0.458	7.33	21.2	0.346	13.1	19.1	0.686	12.1	36.9	15.5	7.25	4.81	10	15.7	0
37	28	9	10.91	11	7	15	1	4	6	80.8	70.2	40	27.5	57.9	0.475	8.41	22.2	0.378	17.4	22.8	0.762	10.5	36.2	13.1	6.11	4.65	11.4	18.2	0
35	26	9	8.87	12	6	18	0	3	6	82.1	72.1	40	29.6	61.3	0.483	6.66	19.2	0.347	16.2	23.5	0.689	11.7	37.8	14.6	7.4	5.14	11.9	19.5	0
36	27	9	11.01	14	4	9	1	8	4	77.9	66.5	40.4	26.5	58.8	0.45	7.72	21.6	0.358	17.2	23.6	0.729	11.6	37	12.5	7.56	4.64	12	18.4	1
39	37	2	4.13	17	1	15	1	10	0	82.6	61.5	40	29.5	58.5	0.504	7.33	19.2	0.382	16.4	22.8	0.717	9.69	40.7	15.3	6.79	4.69	11.5	16.9	1
35	24	11	11.94	12	6	12	3	5	6	80.8	72.3	40.7	29.5	62.5	0.472	9.83	24.6	0.4	12.1	17.3	0.7	9.09	34.8	15.8	7.77	3.54	10.1	15.9	0
36	31	5	12.23	16	2	14	1	10	1	83.2	71.9	40.4	29.8	60.9	0.488	8.83	21.9	0.404	14.9	21.9	0.678	11.9	38.7	16.2	6.94	4.5	12.7	17.8	1
38	32	6	10.49	16	2	15	2	7	3	84.9	71.5	40.1	29.8	63.1	0.473	7.03	19.9	0.353	18.2	25.8	0.704	12.4	39.8	15.4	6.03	5.26	11.7	18.8	1
34	25	9	11.15	12	6	16	1	5	5	77.3	66	40.3	28	61.3	0.457	7	19.7	0.355	14.3	20.8	0.686	13.4	39.5	13.6	6.68	5.47	11	19.2	0
35	20	15	10.5	10	8	14	2	2	7	71.9	68.7	40.1	25.9	55.1	0.47	7.8	20.9	0.373	12.3	18.5	0.669	9.37	36.4	16.9	4.31	4.63	14	20	0
38	26	12	10.17	10	8	15	3	3	8	75	66.4	40.4	26.4	54.6	0.483	9.5	24.7	0.385	12.8	16.4	0.779	7.37	29.2	13.9	5.79	2.84	9.16	15	1
36	31	5	-0.48	17	1	13	2	11	2	74.9	63.9	40.1	28.2	57.7	0.488	6.33	17.3	0.367	12.3	17.5	0.699	9.86	35.4	15.3	6.72	2.78	10.4	18.2	0
40	33	7	11.76	14	4	16	0	6	5	84.4	70.6	40.1	30.6	65.8	0.466	7.08	19.9	0.355	16.1	22.9	0.701	15.8	43.7	18.1	7.08	3.48	11.8	17.8	1
36	24	12	8.43	10	8	14	4	5	5	71.1	65.5	40	25.4	58.1	0.436	7.08	20.7	0.342	13.3	17.7	0.748	10.7	36.2	15	5.25	4.86	10.6	19.2	0
36	26	10	9.78	12	6	16	2	5	4	77.3	69.3	40.1	27.2	59.4	0.458	9.28	24.1	0.384	13.6	17	0.8	9.28	33.7	15.7	7.08	3.72	9.47	14.8	0
39	33	6	8.38	16	2	17	0	7	3	78.9	65.8	40.1	28	58.2	0.481	8.56	22.6	0.38	14.4	20.2	0.712	10.6	36.7	15.7	6.49	6.36	11.6	15.7	1
35	27	8	8.79	14	4	15	2	6	4	79.7	68.4	40.4	28	58.4	0.479	9	22.3	0.403	14.7	19.4	0.757	9.83	37.8	18.3	5.17	2.49	13	15.8	1
35	25	10	4.62	13	5	13	3	7	5	73.6	65.4	40.1	26.2	57.7	0.454	6.2	18.7	0.332	15.1	22.6	0.668	11.7	37.2	13.3	6.49	5.89	11.1	20.7	0
34	29	5	2.19	16	2	15	2	10	1	72	57.5	40	26.2	52.9	0.496	8.62	21.9	0.394	10.9	14.7	0.745	9.53	35.4	16.6	4.21	3.24	10.7	15.1	0
37	26	11	10.16	12	6	15	3	6	5	73.2	65.2	40.7	25	59.4	0.421	6.7	19.8	0.338	16.5	23.6	0.699	12.5	36.4	12.6	7.78	3.84	13	20.3	1
36	26	10	6.4	10	8	14	3	6	5	78.2	73.1	40.1	27.1	59.4	0.456	7.86	21.7	0.362	16.2	21.9	0.741	10.8	35.7	15.3	7	5.28	11.1	15.9	0
36	31	5	6.39	15	3	16	1	8	2	89.8	75.5	40	33.6	64.4	0.522	9.83	24.2	0.406	12.8	17.3	0.738	9.53	38.5	21.4	5.89	5.31	11.2	16.2	1
36	32	4	9.28	15	3	14	1	9	2	77.2	62.7	40	26.8	54.1	0.495	8.64	23.4	0.369	14.9	18.9	0.79	8.78	33.6	14	7.19	3.03	11.2	14.3	0
34	23	11	10.93	11	7	12	4	7	5	66.1	56.4	40.6	24.7	53.6	0.46	6.82	17.7	0.385	9.88	13.9	0.709	8.74	32.9	13.9	5.59	4.06	9.53	16.4	0
37	28	9	9.67	12	6	16	2	6	4	81.5	66.7	40.7	28.6	63.1	0.454	7.43	20.5	0.362	16.8	24.5	0.685	14.4	37.5	16.4	10	4.76	12.3	20.4	1
36	31	5	2.96	17	1	16	1	9	1	81	62.4	40	27.6	58.7	0.469	8.61	21.4	0.403	17.3	23.6	0.733	12.1	40.9	16.3	6.53	3.89	11.3	18.8	0
37	27	10	9.4	12	6	15	2	5	5	72.4	62.4	40.5	26.2	57.7	0.455	7.65	21.3	0.359	12.2	19	0.644	12.4	37.2	13.6	6.76	3.51	11.1	16.3	1
38	24	14	11.51	9	9	12	4	4	8	74.6	71.3	40.1	25.8	56.5	0.457	7.03	20.4	0.345	16	23.2	0.688	11.9	37.3	14.7	6	2.63	12.6	18.7	1
35	30	5	-1.76	17	3	14	0	12	4	71.1	60.8	40.4	25.3	55.9	0.453	7.6	19.8	0.384	12.8	17.6	0.729	9.26	34.1	12.9	6.57	3.03	10.1	18.3	0
33	22	11	7.55	10	8	13	3	5	5	79.9	71	40.2	27.8	59.7	0.466	7.15	18.2	0.393	17.2	23.5	0.731	11.1	36	14.2	6.88	3.24	10.2	19.6	0
36	25	11	6.28	11	7	14	3	6	4	73.1	63.5	40.6	26.2	57.7	0.454	7.08	19.4	0.365	13.6	17.1	0.793	9.39	36.1	13.6	5.83	5.06	10.7	18.3	0
36	25	11	10.59	11	7	15	3	5	4	81.1	72.5	40.3	27.3	59.3	0.46	9.11	23.6	0.385	17.4	24.1	0.723	11.8	36	13.3	6.28	4.28	9.83	16.8	1
36	28	8	4.23	15	3	11	4	9	2	78.9	65.6	40.1	28.1	57.8	0.486	7.81	20.5	0.381	14.9	19.7	0.758	10.6	39.6	13.9	5.11	3.08	11.6	17.3	1
34	28	6	-1.04	13	3	16	3	7	2	77.1	66.7	40.1	26.3	57.2	0.459	6.97	21.7	0.322	17.6	25.7	0.684	10.6	37.4	15.4	7.56	3.65	13	20.4	0
35	27	8	6.9	15	3	17	0	6	4	82.6	69.9	40.1	29.2	58.1	0.502	9.86	23.7	0.415	14.4	19.7	0.733	11.8	36.8	16	6.83	3.91	13.5	18.5	1
35	23	12	10.16	10	8	14	2	4	7	81.8	75	40.4	31.1	61.7	0.503	8.37	21.7	0.387	11.3	16.1	0.702	8.69	35.5	16.5	6.23	4.06	11.4	15.5	1
33	22	11	8.71	12	6	13	2	6	5	77.6	69.3	40.3	27.5	61.4	0.447	8.15	21.8	0.374	14.5	20.3	0.717	11.9	38.1	15.8	6.76	4.73	10.3	16.3	0
38	33	5	11.22	15	3	16	0	7	3	81.3	67.6	40.5	28.7	58.1	0.495	8	19.2	0.418	15.8	22.2	0.713	10.6	38	15.9	6.66	4.16	12.6	18.9	1
36	27	9	8.84	13	5	17	0	4	7	79.5	68.1	40.4	28.6	59.7	0.478	6.78	18.5	0.366	15.6	22.6	0.69	12.8	38.8	14.2	5.72	5.75	10.8	20.4	0
36	27	9	8.31	12	6	16	1	4	6	75.7	66.7	40.1	26.2	53.9	0.486	7.42	20.5	0.361	15.9	20.7	0.768	8.86	35.8	13.6	5.83	5.39	12.7	16.8	1
35	27	8	10.69	13	5	15	1	6	5	75.2	67.4	40.1	25.9	54.1	0.479	6.89	18.4	0.375	16.5	22.1	0.749	9.43	34.5	12.5	6.14	3.63	10.9	16.6	1
35	25	10	-0.7	13	5	11	3	8	6	72.5	68.9	40.1	26	57.9	0.449	7.97	20.5	0.39	12.6	20.5	0.616	10.5	36.7	13	6.14	3.51	12	20	0
40	33	7	10.69	14	4	15	1	6	5	82.8	70	40	30.9	64	0.482	5.6	17.1	0.327	15.4	20.6	0.747	14.2	40.6	17.7	6.72	4.42	10.8	17.9	1
36	23	13	4.44	11	7	11	3	6	8	68.8	64	40.4	23.6	51.8	0.455	8.28	22.1	0.374	13.3	17.6	0.757	5.42	30.3	11.9	5.67	2.61	9.92	15.6	0
36	24	12	9.57	11	7	14	2	5	5	75.1	70.6	40.1	27	56.7	0.476	7.28	19.4	0.374	13.8	18.6	0.742	10.6	35.1	13.3	5.47	3.97	9.97	15.1	1
37	29	8	11.14	12	6	14	1	7	5	79.7	71.1	40.4	27.5	60.1	0.458	10.3	24.5	0.422	14.3	19.8	0.722	11	38.3	14.5	6.68	5.08	13.1	17	1
38	31	7	8.64	14	4	18	0	5	5	78.7	68.8	40.1	27.4	58.7	0.467	6.84	19.9	0.343	17.1	23.8	0.715	11.6	36.4	13.6	7.24	5.82	11.3	17.8	1
35	24	11	8.46	10	8	13	4	7	4	73.6	70.1	40.4	25.2	59.8	0.421	7.11	22.2	0.321	16.2	22.3	0.725	11.5	36.1	15.7	6.54	3.51	11.3	16.9	0
36	28	8	4.93	13	5	12	4	10	2	77.2	70.1	40.1	27.1	59.8	0.453	6.97	21.3	0.327	16	22.4	0.716	10.1	38.3	14.8	5.11	3.31	9.86	16.2	0
34	28	6	-5.47	18	0	14	0	9	4	80.2	63.3	40	28.6	59.8	0.478	7.91	21.8	0.363	15.1	20.6	0.735	11.9	34.9	18.7	9.12	3.59	12.1	20.6	0
37	23	14	9.75	9	9	13	4	3	7	70	65.1	40.4	23.9	56.2	0.425	8.51	23.7	0.36	13.7	19.9	0.688	12	35.6	13.3	8.11	4.38	11.9	16.2	1
37	28	9	8.45	13	5	17	1	5	5	76.4	66.4	40.5	26.8	59.7	0.449	7.59	22.3	0.341	15.3	22.7	0.672	12.9	39.5	16.5	7.03	3.59	11.7	18.1	1
36	27	9	8.79	13	5	16	1	5	5	77.2	69.5	40.6	27.1	55.6	0.489	7.58	20.7	0.366	15.3	21.2	0.721	9.64	37.1	15.5	5.53	4.14	12.5	15.3	0
40	35	5	9.71	16	2	15	1	10	2	78	63.6	40.1	27.1	56.2	0.483	8.68	24	0.362	15	19.1	0.782	8.78	34.6	15.9	7.05	3.4	11	17	1
36	25	11	4.35	14	4	15	2	7	4	77.3	67.8	40.3	28.1	62.2	0.451	7.28	20.7	0.352	13.9	20	0.692	12.4	37.4	14.3	8.58	3.75	11.3	19.6	0
37	29	8	11.12	13	5	15	0	5	6	71	60.1	40.1	26.1	53.1	0.491	6.05	15.1	0.402	12.8	17	0.752	8.73	32.1	14.9	5.38	3.22	9.32	16.1	1
35	26	9	4.24	16	2	14	1	9	3	72.4	59	40.3	24.8	57.8	0.429	7.14	22	0.324	15.7	21.9	0.717	11.7	37.3	14	7.29	3.57	9.89	20.1	0
35	22	13	9.4	12	6	13	5	6	5	67.8	63.8	40.3	23.3	54.8	0.426	6.54	18.7	0.349	14.6	20.8	0.703	11.4	35.1	11.4	5.86	3.26	11	16.8	1
34	28	6	8.43	14	4	15	1	8	3	80.5	70.4	40	27.3	60.4	0.452	7.5	20.6	0.363	18.4	25.2	0.73	12.8	40.8	16.1	7.24	2.97	12.6	19.9	0
30	23	7	-1.03	13	1	12	0	9	6	74.9	63.8	40.2	26.5	56.4	0.47	6.33	17.4	0.363	15.6	23.3	0.67	13.6	40.3	15.1	5.67	4.57	13.3	17.7	0
24	22	2	5.36	13	1	11	0	7	1	84.4	66.4	40.2	31.1	63	0.493	10.3	24.7	0.418	11.9	17	0.697	12.9	36.5	17	8.96	3.75	12.4	17.2  1
26	26	0	3.43	15	0	12	0	7	0	92.1	69.1	40	34.2	62	0.551	7.31	20	0.365	16.5	22.7	0.727	9.58	37.9	18.3	8.31	2.85	12.1	16.7	1
27	24	3	4.14	14	3	15	0	5	3	77.6	57.9	40	27.4	61.6	0.444	9.33	25.9	0.361	13.6	18.3	0.741	14.3	41.1	14.1	8.19	4.67	10.9	18.7	1
26	17	9	8.06	13	6	11	1	5	6	72.8	68.5	41.2	26.4	57.1	0.462	6.65	18.1	0.367	13.4	18.6	0.721	9.88	35	13.6	5.08	2.65	11.2	16	1
28	22	6	6.34	13	4	16	1	5	4	82.4	70.7	40.2	29.5	64.8	0.455	7.86	23.2	0.339	15.6	21.2	0.737	11.9	40	15	8.07	5.18	13.1	16.9	1
24	20	4	12.5	14	3	13	1	6	2	76.3	65.4	40.2	27.8	57.6	0.483	7.54	19.5	0.387	13	16.7	0.778	9.13	37.5	15.5	4.42	4.29	11.1	14.7	1
29	17	12	7.69	10	10	10	6	4	6	70.7	68.3	40.3	24.6	56.4	0.435	7	19.8	0.353	14.6	19.2	0.758	10.3	33.7	14.7	6.07	3.31	11.3	18.9	1
29	22	7	7.61	15	5	13	2	7	3	74.8	65.1	40.7	27.2	58.2	0.467	6.31	18.1	0.348	14.1	21.8	0.647	12.2	39.5	13.7	4.79	5.28	12.4	15.5	1
30	24	6	10.36	16	2	12	1	7	3	79.6	69.8	40	27.8	64.6	0.431	10.7	30.4	0.351	13.3	18.5	0.72	12.4	40.5	14.2	8.63	4.37	14	18.5	1
28	20	8	8.91	14	6	11	3	7	4	77	68.3	40.4	28.5	59.8	0.476	9.71	26.5	0.367	10.3	16.1	0.642	8.46	36.1	15.9	7.07	3.54	11.1	15.5	1
22	16	6	9.39	11	4	12	1	3	4	78.9	70.3	40.5	28.2	59.4	0.474	8.23	21.1	0.39	14.3	19.4	0.738	11.6	37.4	14.6	7.41	5.14	14.3	18.5	1
28	24	4	-0.09	16	2	13	0	8	3	71.5	55.5	40.4	26.3	52	0.505	7.18	19.5	0.368	11.8	16.4	0.723	7.18	32.6	15.8	6.93	2.39	11.9	14.3	1
26	16	10	-2.58	10	5	8	3	5	7	81.8	75.8	40	28.2	62.2	0.454	11.3	29	0.39	14	17	0.824	8.42	35.2	12.7	6.38	4.08	11.5	17.7	1
26	20	6	6.66	14	4	11	2	7	2	74.4	67.4	40	27.5	58.3	0.472	8.38	22.1	0.379	11	15.6	0.704	9.15	33	13.4	7.46	3.62	11.4	15.7	1
25	16	9	8.63	9	7	13	1	2	7	75.8	70.7	40.2	27	61.4	0.441	8.12	24	0.338	13.6	17.4	0.784	10.9	35.9	15.3	8.72	4.92	11.2	14.5	1
22	16	6	9.67	11	4	9	0	4	4	75.5	67.1	40.2	26.4	58.7	0.45	9.23	26.2	0.352	13.5	17.6	0.765	9.59	34.3	15.3	5.32	1.45	9.05	15.5	1
27	23	4	-8.46	13	2	13	0	5	4	77.6	60.5	40	27.7	60.3	0.46	7.93	22.4	0.353	14.2	21.1	0.673	11.4	36.3	18.2	9.93	3.11	13.9	19.4	0
30	22	8	6.99	14	6	11	1	6	6	73	63.3	40	25.8	56.8	0.454	7.47	20.4	0.367	14	17	0.822	9.87	35	13.2	5.3	2.77	11.1	16.2	0
23	14	9	10.76	9	7	6	3	5	5	74	69.8	40	26.3	56.7	0.464	6.83	19.1	0.357	14.5	19.2	0.757	10	35.2	11.8	7.3	5.43	14.7	18.5	0
29	23	6	12.67	16	4	11	2	9	3	81.4	69.2	40.5	29.3	58.9	0.499	6.79	18.1	0.376	15.9	23.1	0.691	10.8	40.4	16.3	5.72	2.83	13.2	17.9	0
29	21	8	11.38	14	6	14	2	6	4	83.8	71.9	40.2	29.8	63.4	0.469	9.76	25.3	0.386	14.5	20.3	0.713	11.3	40.1	19.1	5.59	4.52	9.52	14.9	0
28	20	8	10.26	12	6	14	1	4	6	73.1	65.8	40.2	26.3	59.9	0.44	7.46	21.7	0.344	13	18.3	0.712	11.3	38	13.7	6.86	4.07	12.4	15.3	0
27	18	9	8.88	11	6	11	2	4	6	82.1	75.3	40.2	29	62.7	0.463	8.15	23.3	0.35	15.9	21.3	0.746	11.5	38.3	12.3	8.07	2.78	11.7	17.3	0
29	16	13	12.86	9	11	11	6	4	6	68.8	65	40	24.1	52.9	0.456	8.07	22.9	0.353	12.5	17.8	0.702	6.48	33.3	13.3	5	3.38	11.2	14.9	0
26	17	9	-0.24	9	5	8	3	5	6	69.8	61.2	40.2	25.7	54	0.475	7.58	20.2	0.376	10.8	14.8	0.734	8.62	33.3	13.3	6.77	2.96	13.2	15.7	0
23	16	7	-1.16	9	5	8	3	4	4	80.9	73.3	40	29.8	61	0.489	8.48	23.5	0.361	12.7	18.2	0.701	9.78	34.8	17.9	6.78	2.13	12	16	0
25	15	10	8.21	9	8	10	3	4	7	74.8	69.2	40.6	26.8	60.7	0.442	8	23.6	0.338	13.2	17.7	0.744	9.88	36.3	13.4	7.36	3.44	11.1	14.4	0
28	20	8	9.97	11	7	10	3	8	4	77.1	72.9	40.9	27.7	59.2	0.467	6.39	18.9	0.338	15.3	21.5	0.713	11	38.6	13.2	7.29	4.39	15.9	16.8	0
26	15	11	13.45	10	10	10	4	4	6	70	68.2	40.2	26.8	59.4	0.451	6.04	19.4	0.311	10.4	16.4	0.632	9.77	35.3	13.8	7.81	5.23	11.3	17.7	0
27	17	10	6.91	9	8	11	4	5	4	73	63.4	40.4	25.4	57.4	0.443	6.22	18	0.346	16	22.5	0.711	11.7	35.1	13	7.26	4.07	11	17.4	0
27	18	9	10.67	11	6	8	5	7	2	77.3	72.1	40.6	26.3	61.5	0.428	7.26	20.3	0.357	17.4	24.2	0.717	13.4	38.1	13.8	7.48	2.85	12.1	16.4	0
29	17	12	12.51	10	10	11	5	5	6	69.6	64.3	40.3	24.5	58.2	0.421	8.55	23.8	0.36	12	15.7	0.767	8.31	33.5	13.3	5.86	3.79	8.93	16.2	0
38	34	4	7.41	16	2	17	0	8	3	76.6	59.7	40.1	26.6	54.4	0.488	5.08	14.1	0.36	18.4	25.6	0.719	10.8	36.8	13.9	7.24	3.45	11	17.9	1
36	27	9	6.79	13	5	17	2	7	5	77.4	70.1	40.3	27.2	61	0.445	6.61	18.9	0.349	16.5	22.8	0.724	13.1	35.8	16.1	7.69	4.67	11.9	19	0
34	23	11	8.62	12	6	13	3	7	4	69	61	40.6	23.9	55.4	0.433	5.65	15.9	0.356	15.5	22.6	0.686	12	36.4	11.4	6.38	3.03	11.1	17.4	0
34	23	11	4.4	13	5	15	3	6	5	62.1	55.8	40.6	22.4	50.1	0.446	4.91	14.9	0.329	12.5	18.6	0.67	11.3	34.6	11.6	6.53	5.44	12.7	14.9	0
36	27	9	4.06	13	5	16	0	5	6	67.8	60.8	40.1	22.5	48.8	0.462	6.64	18.6	0.357	16.1	23.5	0.686	7.08	31.1	13.6	6.94	2.53	11.5	15.9	0
39	35	4	9.87	15	3	15	1	9	2	79.3	64.2	40.3	28.2	56.2	0.502	7.26	18.8	0.387	15.6	22.4	0.699	11.4	36.8	15.1	7.13	3.82	10.8	15.6	1
33	22	11	9.81	12	6	13	3	5	4	70.9	65.2	40.6	24.2	53.1	0.456	6.09	17.2	0.353	16.4	23.3	0.704	11.1	34.9	12.9	7.61	4.73	12.6	20.2	0
35	25	10	-2.03	15	5	12	1	8	8	71.4	62.4	40.4	25.8	53.7	0.48	4.97	14.9	0.333	14.9	20.5	0.725	9.2	31.9	13.7	9.17	4.09	10.5	18.3	0
38	35	3	5.12	17	1	15	1	10	1	78.7	61.7	40.1	28.5	54.8	0.52	6.95	17.4	0.4	14.7	21.2	0.691	10.3	37.9	16.3	5.95	3.32	10.4	16.8	1
34	22	12	8.39	12	6	14	4	7	4	69.8	62.3	40.3	24.1	56	0.431	5.65	16.9	0.333	15.8	21.3	0.744	12.4	37.5	14.2	6.41	4.65	11.1	15.8	0
36	27	9	12.13	13	5	15	0	5	5	71.1	64.8	40.1	24.1	54.9	0.44	5.92	15.6	0.379	16.9	23.4	0.724	11.8	37.9	13.2	6.58	4.86	12.9	17.8	0
39	38	1	8.67	18	0	19	0	10	0	74.4	54.3	40.4	25.8	55.1	0.468	5.21	14.9	0.349	17.6	24.2	0.726	12.6	38	14.2	6.49	6.87	10.5	17.1	1
36	27	9	8.98	12	6	15	4	7	3	69	59.8	40.3	24.4	56.9	0.429	5.5	17.9	0.307	14.7	22	0.668	12.6	37.5	11.6	7.86	5.33	11.3	17.3	1
35	28	7	7.63	14	4	18	1	6	4	69.1	63.4	40.3	22.3	50.8	0.44	7.37	19.6	0.376	17.1	22.6	0.756	8.97	34.9	10.7	4.83	4.31	12.3	16.7	0
39	27	12	10	12	6	12	4	7	4	71.1	63.6	41.2	26	55.9	0.465	7.54	19.6	0.385	11.6	18.3	0.632	11.2	37.4	16.6	5.21	4.51	11.3	18.9	1
36	22	14	9.72	10	8	14	6	5	5	70.1	65.8	40.3	24.9	57.1	0.436	6.56	18.4	0.357	13.9	20.2	0.686	12.1	38	11.5	3.83	5.11	10.4	17.7	1
38	26	12	11.76	11	7	10	5	7	4	77.7	68.8	40.3	28.9	60.8	0.476	4.84	13.5	0.358	15	21.4	0.701	13.8	40.6	17.4	6.61	4.21	12.7	19.4	1
35	31	4	2	16	2	16	0	9	3	65.2	54.6	40.6	22.2	46.2	0.48	7.34	18.4	0.398	13.5	18.4	0.733	7.29	30.6	11.8	5.91	2.4	10.4	14.5	0
38	32	6	7.02	14	4	17	2	7	2	78	65.8	40.7	27.6	54.2	0.509	7.95	20.4	0.39	14.8	19.9	0.742	8.24	32.4	15.2	6.74	3.63	9.39	14.2	1
35	24	11	7.37	11	7	18	2	4	6	75.3	63	40.3	27.5	57	0.483	6.74	18.2	0.37	13.5	19.8	0.68	11.1	35.5	15.3	7.6	5.09	11.3	16.1	0
35	24	11	9.94	12	6	14	1	5	6	71.5	62.7	40.3	25.3	58.1	0.435	6.74	19.7	0.343	14.1	19.1	0.741	11.1	38.1	12.3	6.77	4.97	12	16.3	1
36	26	10	7.65	13	5	17	2	6	4	75.4	70.8	40.6	27.6	59.5	0.463	7.31	20.2	0.362	12.9	17	0.76	10.3	36.1	14.1	5.75	4.36	11.7	18.2	0
36	27	9	4.24	14	4	16	1	6	5	61.8	53.9	40.4	22.2	53.2	0.418	5.25	16.4	0.32	12.1	19.3	0.63	12.2	35.3	10.5	6.86	4.97	11.4	14.1	0
36	20	16	1.62	12	6	13	4	3	8	68.8	68.1	41.1	24.3	56.7	0.428	5.61	16.9	0.333	14.7	19.9	0.738	12.1	36.7	14.3	6.58	5.11	13.4	17.5	0
36	22	14	8.27	11	7	16	1	2	8	71.9	68.1	40.3	25.8	58.3	0.443	6.19	16.8	0.368	14.1	20.8	0.676	12.2	38	13.8	6.61	3.86	11.9	17.9	1
35	26	9	7.42	13	5	16	1	6	5	71.3	57.1	40.1	24.3	50.3	0.482	7.54	18.7	0.404	15.3	21.7	0.703	9.2	34.4	14	5.94	5	11.6	16.6	1
36	33	3	7.55	16	2	15	0	9	2	76.5	60.9	40.3	25.4	54.2	0.47	9.06	23.3	0.389	16.6	22.6	0.731	10.3	34.3	15.8	7.72	4.06	10.6	16.6	0
34	30	4	7.81	16	2	15	1	11	1	65.4	51.5	40.3	23.6	51.7	0.457	5	14.2	0.352	13.1	18.1	0.726	10.5	36.2	12.6	5.47	4.21	9.29	14.2	0
35	25	10	9.29	11	7	12	3	5	5	72.6	66.8	40.3	24.9	61.1	0.408	6.49	20.5	0.316	16.3	24.7	0.662	16.4	36.3	14.1	10.7	2.74	12.9	23.5	1
35	30	5	3.68	17	1	15	0	10	2	70.3	57.4	40.3	24.6	55.2	0.445	6.83	19.1	0.357	14.3	20.4	0.701	11.9	35.6	13.6	7.14	3.83	9.34	16.8	1
40	36	4	10.29	16	2	15	1	10	2	72.5	58.2	40.3	25.4	52.9	0.479	7.2	19.8	0.365	14.6	19.1	0.763	9.57	33.5	12.6	4.35	3.17	7.4	12.5	1
37	23	14	9.48	9	9	13	3	5	7	73.3	67.4	40.7	25.8	54.4	0.475	6.32	18	0.351	15.3	20.9	0.73	9.84	34.6	16.1	6.03	2.86	12.1	17.9	1
38	33	5	9.04	15	3	18	0	8	3	72.9	58.6	40.5	26.2	55.9	0.469	5.37	14.8	0.364	15.1	22.9	0.659	12.2	38.1	15.1	5.87	4.55	10.2	16.6	1
38	26	12	10.11	9	9	13	4	5	5	74.8	67.8	40.5	25.2	55.5	0.455	7.37	19.1	0.386	17	25	0.68	13.8	38.3	14.8	5.18	5.32	11.6	17.1	1
40	32	8	8.63	12	6	14	3	6	4	71.8	63.2	40.3	24.3	54.1	0.449	7.17	18.5	0.387	16.1	20.7	0.777	9.68	34.7	12.2	7.03	5.75	11.4	18	1
35	27	8	7.17	14	4	16	0	7	4	78.7	67.9	40	27.3	55.1	0.497	10.2	24.5	0.414	13.9	18.7	0.743	8.37	34.1	17.5	3.97	1.4	9.77	17.7	0
37	26	11	5.34	10	6	13	4	7	4	72.2	67	40.3	25.3	54.5	0.463	6.57	17.4	0.377	15.1	22.1	0.681	11.2	34.8	13.1	6	2.59	11.9	19.9	1
39	36	3	8.54	18	0	17	0	10	2	69.9	57.8	40	24.2	52.7	0.46	6.54	18.2	0.359	14.9	22.3	0.668	11.2	35.5	13.1	7.03	3.03	10.7	15.7	1
36	29	7	5.36	15	3	15	0	8	4	76.7	65.9	39.5	27	54.5	0.495	7.08	17.9	0.397	15.6	22	0.709	9.53	35.9	14.6	6.53	3.94	11.6	18.3	0
32	27	5	-0.47	13	1	11	1	11	3	73.2	61	40.6	24.6	52.8	0.465	5.75	14.9	0.385	18.3	25.3	0.724	10.5	34.1	14	7.59	4.84	11.4	17.7	0
36	28	8	9.88	11	7	15	1	4	6	83	74.4	40.7	29.5	62.2	0.474	8.36	23.3	0.358	15.7	22.6	0.693	10.4	38.5	18.4	5.94	2.94	10.6	17.3	1
35	25	10	11.4	14	4	14	1	5	6	79	70.1	40.3	27.3	55.3	0.493	5.4	15.9	0.34	19	26.7	0.711	11.9	38.2	14.9	5.83	5.6	13.2	20.9	0
40	29	11	9.9	12	6	16	2	5	5	74.8	66.6	40.4	25.1	55.3	0.454	5.08	15.3	0.332	19.5	28.6	0.682	14.1	40.2	11.2	4.72	5.9	11.7	18.3	1
37	31	6	4.8	15	3	16	2	9	2	81	61.1	40	28.4	60.3	0.471	7.78	21.2	0.368	16.4	24.9	0.661	13.6	37.7	15.4	10	4.68	10.6	19.5	1
34	24	10	7.14	12	6	15	2	5	5	76.9	70.5	40.3	28.2	59.1	0.477	5.35	16.2	0.33	15.2	23.6	0.644	12.6	37.3	17.4	8.65	4.68	13.2	18	0
36	27	9	-3.42	14	4	17	1	9	7	78.8	66.9	41.4	27.3	57.3	0.476	8.06	21	0.384	16.2	22	0.736	11.3	37.2	16.3	5.86	4.08	11.7	18.5	0
37	28	9	9.65	15	3	13	2	7	4	73.9	65.1	40.3	25.5	53.6	0.477	8.62	21.5	0.402	14.2	18.7	0.763	8.54	31.4	14.2	5.16	2.38	9.08	14.2	1
38	29	9	9.38	12	6	12	4	7	3	75.5	65.6	40.4	26.9	56.8	0.474	8.08	20.6	0.392	13.6	19.2	0.707	10.4	36.8	16.8	6.82	4.58	11.3	19	1
34	24	10	8.42	13	5	15	3	6	5	76.6	69.8	40.3	28	60.5	0.463	4.29	12.8	0.336	16.2	25.9	0.626	14.2	39.7	15.4	7.32	4.74	11.9	20.3	0
33	26	7	-0.02	12	2	12	1	10	5	75.5	65.6	40.2	26.9	53.3	0.505	5.33	14.6	0.364	16.4	21.8	0.751	9.3	32.8	11.6	6.24	4.39	9.85	17.8	0
34	24	10	8.05	10	8	15	3	5	5	81.9	74.1	40.7	27.3	58.1	0.469	7.62	19.6	0.389	19.6	25.4	0.772	10.5	34.1	14.5	7.74	3.32	11.4	21.3	0
36	26	10	7.54	11	7	13	5	7	2	71.8	61.9	40.7	24.9	54	0.46	5.08	14.5	0.351	17	23.9	0.712	12	35.9	15.6	7.06	2.97	10.4	17.2	0
34	27	7	4.24	13	3	14	3	11	1	69.8	61.9	40.4	24.4	55	0.444	5.59	17.7	0.316	15.5	22.2	0.697	10.1	36.2	14.2	7.44	4.06	12.7	17.6	0
36	31	5	4.86	16	2	15	1	9	2	70.3	57	40.3	24.3	55.8	0.435	5.17	14.4	0.358	16.6	25.1	0.663	13.1	37.9	9.89	7.61	5.08	9.86	16.7	1
36	23	13	9	10	8	12	4	6	5	72.7	68.3	40.1	24.9	54.2	0.459	5.78	15.9	0.364	17.1	24.4	0.702	9.64	34.9	11.5	5.31	4.28	11.4	18.2	1
35	32	3	-6.76	18	0	15	0	14	2	76	63.4	40.3	26.3	56.9	0.463	7.09	20.5	0.345	16.3	22.9	0.711	12.9	33.9	16.4	7.34	2.97	11.2	20.9	0
34	28	6	7.25	14	4	16	2	8	2	68	59.2	40.3	24.1	55.1	0.437	4.91	14.9	0.331	14.9	21	0.708	13.1	35.3	11.8	7.97	5.03	9	16.1	0
37	24	13	7.84	11	7	14	3	4	7	72.2	61.7	40.3	25.1	55.4	0.453	5.54	17.1	0.325	16.6	23	0.719	13.5	38.5	12.8	5.19	4.65	10.5	16.7	1
35	24	11	9.15	11	7	16	2	4	6	74.2	70.7	40.1	25.9	59.9	0.432	5.09	15.6	0.327	17.4	26	0.671	15.1	41.4	12.9	5.69	5.89	12.2	19.1	0
37	28	9	7.62	12	6	16	2	5	5	81.2	70.4	40.3	29	59.4	0.489	6.19	16.3	0.38	17	22.7	0.749	9.95	35.4	17.2	9.22	3	10.2	17.6	1
34	29	5	7.5	16	2	15	1	10	2	78	66.5	40.7	25.6	56.1	0.456	8.94	25.1	0.356	17.9	24.9	0.716	11.1	37.1	15.4	6.94	4.15	11.9	19.8	0
37	30	7	7.86	16	2	15	2	7	4	66.2	55.7	40.2	23.1	50.9	0.454	5.57	15.1	0.369	14.4	21.4	0.673	10.2	35.5	13.1	5.22	4.05	9.78	16.1	1
36	35	1	1.74	18	0	17	0	12	0	75.2	59.5	40.1	24.9	53.9	0.461	6.94	19.8	0.351	18.4	25.4	0.725	11.6	38.4	13.6	6.86	5.11	10.4	17	0
38	30	8	10.19	12	6	14	3	8	3	73.5	64	40.1	24.4	53.1	0.459	7.82	20.8	0.376	16.9	22.7	0.746	8.87	33.3	12.3	4.82	3.34	8.08	15.1	1
