112  29
40	30	10	10.92	11	7	15	2	4	6	79.7	68.8	40.4	27.4	61	0.45	11.3	30.1	0.377	13.5	19	0.711	11.4	34.2	14.3	9.22	4.75	11.7	18.3	1
38	32	6	11.98	14	4	15	2	7	2	82.7	67.8	40.1	30.4	63.6	0.478	7.32	23.8	0.308	14.5	21.1	0.686	13	41.2	15.9	9.11	6.76	12.8	15.7	1
37	29	8	10.26	13	5	15	1	6	4	74.9	67.2	40.5	25.9	58.7	0.442	7.35	22.1	0.332	15.6	21	0.744	11.3	37.6	12.8	7.19	4.35	13.3	19.1	0
37	33	4	5.01	16	0	17	0	9	1	87.6	64.9	40	31.8	60.5	0.526	7.76	21.4	0.363	16.3	21.4	0.761	9.57	39	18.1	7.51	5.51	10.6	16.3	1
37	33	4	4.61	16	2	19	1	10	1	75.3	61	40	26.5	59.5	0.446	9	25.4	0.355	13.2	18.8	0.703	12.1	40.6	14.8	6.49	4.35	11.1	19.1	0
37	30	7	10.29	15	3	17	1	8	2	75.8	64.7	40.3	26.4	55.4	0.477	5.81	16.4	0.354	17.2	23.2	0.739	11.5	38.6	13.5	5.95	4.76	12.6	16.2	1
35	28	7	9.16	16	2	15	2	9	1	80.4	73.1	41	28.2	61.8	0.457	6.74	21.1	0.319	17.2	22.9	0.752	13.1	38.7	12.9	8.8	4.23	12.9	18.1	0
37	30	7	10.55	15	5	17	1	7	4	69.6	58.3	40	25.4	56.8	0.448	7.76	22.7	0.342	11	15.6	0.701	8.08	35.3	13.8	6.08	4.03	9.03	13.9	0
39	32	7	12.34	16	4	15	1	8	4	77.6	65	40.3	27.5	57.2	0.48	8.18	21.6	0.378	14.5	19.2	0.753	10.6	40.5	18.3	5.15	5.26	12.6	16.6	1
36	29	7	11.35	16	2	14	2	11	1	85.8	73.2	40.1	31.1	66.9	0.464	8.67	23.9	0.362	15	20.2	0.743	13.3	44.1	18.8	7	3.33	13.1	17	0
38	25	13	6.13	10	8	13	4	5	7	70	62.2	40.3	25.2	55.9	0.451	7.76	22.1	0.351	11.8	16.4	0.721	9.5	34.4	13.2	7.63	4.26	11.6	17.5	0
36	26	10	11.99	16	4	15	0	6	6	76.7	67.3	40.6	26.9	59.6	0.451	10.1	27.1	0.374	12.8	17.8	0.719	11.7	37.3	14.4	6.11	3.97	10.6	17.4	1
37	31	6	10.16	15	3	18	0	7	3	82	69.7	40.7	29.9	60.3	0.496	7.08	19.3	0.367	15.2	20.1	0.754	10.2	37.6	17.8	5.97	5.38	11.1	17.7	0
38	31	7	9.53	14	4	17	1	6	3	72.8	59.5	40.3	26.1	55.5	0.469	7.29	20	0.365	13.4	18.3	0.732	8.29	34.1	13.6	7.32	4.89	12	17.4	1
38	35	3	10.15	16	2	15	1	10	1	71.4	56.1	40.4	25.6	54.1	0.474	8.45	21.4	0.395	11.7	15.7	0.744	9	34.9	14.3	5.55	3.92	9	14.3	1
35	26	9	7.79	12	6	14	2	5	5	73.5	62.1	40.3	25.5	54.3	0.47	9.34	23.7	0.394	13.2	17.3	0.761	8.86	32.6	15.2	6.74	2.23	11.2	15.2	0
35	25	10	9.25	11	7	15	1	4	6	73.8	65.9	40.3	25.7	56.3	0.456	8.23	22.5	0.366	14.2	18.9	0.755	8.94	35.9	13.2	5.66	4.83	11.8	16.1	0
37	29	8	9.71	13	5	15	1	6	5	84.4	69.6	40.3	30.4	61.8	0.492	8.35	22.5	0.372	15.2	21.4	0.71	13.4	41.1	17.5	7.43	5	12.4	15.5	1
35	23	12	8.5	9	9	13	2	4	7	80.2	72.9	40.6	28.4	60.7	0.468	7.8	22.3	0.35	15.5	22.5	0.691	11.4	37.8	14.9	6.89	5.31	13	18.6	1
37	32	5	2.59	17	1	15	1	10	1	83.5	67.7	40.5	30.4	61.1	0.498	8.86	24.1	0.368	13.9	19.6	0.708	11.2	39.9	15.2	6.32	3.62	11.4	17.1	0
37	25	12	8.74	10	8	14	3	6	5	71.1	67	40.1	25.3	54.7	0.463	6.86	20.1	0.341	13.6	18.5	0.734	8.22	30.7	13.8	7.95	2.97	11.4	18.5	1
39	31	8	11.87	13	5	14	3	8	3	81.4	71.9	40.1	29.9	60.7	0.492	10	25	0.401	11.6	16.4	0.708	9.77	35.6	16.6	6.51	4.1	11.7	15.3	1
37	26	11	10.73	10	8	16	2	4	6	76.8	70.2	40.1	27	57.2	0.472	5.27	14.8	0.357	17.5	25.1	0.698	11.9	38.7	13.2	5.62	4.76	13	19	0
38	32	6	1.81	15	3	14	1	9	4	71.6	62.6	40	26.2	51.7	0.507	7.29	18.4	0.396	11.9	16.5	0.725	6.26	32.2	15.6	6.34	2.37	12.4	13.9	1
41	33	8	9.41	13	5	15	1	6	5	73.6	63.3	40.4	26.6	57	0.468	8.8	24.7	0.357	11.6	17.5	0.661	8.41	33.3	14.3	6.37	3.07	9.24	15.7	1
37	29	8	4.93	15	3	14	1	11	3	82.6	73.1	40.5	28.4	60.5	0.469	9.57	24.4	0.392	16.3	21.9	0.743	9.24	35.6	16.2	6.22	4.05	9.65	17	0
37	30	7	8.74	15	3	16	1	8	2	80.4	65.7	40.1	27.9	56.7	0.493	9.54	22.7	0.42	15	20.2	0.743	8.62	35	16.2	5.7	4.86	10.8	15.7	0
37	23	14	10.02	8	10	14	5	4	6	66.6	63.8	40.5	22.5	53.9	0.417	5.62	17.7	0.318	16.1	21.8	0.736	11.9	37.2	10.7	6.97	5.35	12.4	16.5	0
35	22	13	10.62	9	9	13	3	4	7	75.2	70.5	40	27.9	60.6	0.46	6.57	20	0.329	12.8	19.4	0.661	12.3	41.4	15.4	5.43	5.97	13.6	16.4	0
37	27	10	9.6	11	7	17	1	4	6	74.6	64.8	40.3	26.1	56.6	0.46	6.81	19	0.359	15.6	22.2	0.704	11	36	14.3	7.08	4.27	12.3	18.1	1
40	36	4	10.24	14	4	12	1	9	3	86.6	70.2	40.4	30.5	61	0.5	11.6	28.9	0.401	14	17.9	0.779	9.63	35.9	16.4	6.47	4.05	10.7	16.1	1
37	26	11	9.36	11	7	14	3	5	5	80.1	69.6	40.1	28	64.2	0.436	8.7	24.6	0.353	15.4	20.1	0.766	14.1	37.9	15.2	8.14	5.19	11.4	21.6	0
37	32	5	7.63	16	2	15	1	9	1	76.6	65.9	40	26.4	55.4	0.477	6.59	16.9	0.39	17.2	22.4	0.765	10.3	36.7	13.5	5.43	3.22	11.2	16.9	0
35	27	8	11.87	12	6	15	2	6	4	72.9	63.7	40	26.3	55.9	0.471	6.57	18.3	0.359	13.7	18.9	0.723	12.9	38	15.5	5.14	4.74	13.4	17.6	0
34	25	9	10.23	12	6	13	3	7	4	76.3	68.9	40.3	26.6	55.8	0.477	7.68	21	0.366	15.4	20.7	0.741	8.44	32.1	13.3	6.06	2.82	10.2	18.8	0
36	27	9	11.01	14	4	9	1	8	4	77.9	66.5	40.4	26.5	58.8	0.45	7.72	21.6	0.358	17.2	23.6	0.729	11.6	37	12.5	7.56	4.64	12	18.4	1
39	37	2	4.13	17	1	15	1	10	0	82.6	61.5	40	29.5	58.5	0.504	7.33	19.2	0.382	16.4	22.8	0.717	9.69	40.7	15.3	6.79	4.69	11.5	16.9	1
36	31	5	12.23	16	2	14	1	10	1	83.2	71.9	40.4	29.8	60.9	0.488	8.83	21.9	0.404	14.9	21.9	0.678	11.9	38.7	16.2	6.94	4.5	12.7	17.8	1
38	32	6	10.49	16	2	15	2	7	3	84.9	71.5	40.1	29.8	63.1	0.473	7.03	19.9	0.353	18.2	25.8	0.704	12.4	39.8	15.4	6.03	5.26	11.7	18.8	1
38	26	12	10.17	10	8	15	3	3	8	75	66.4	40.4	26.4	54.6	0.483	9.5	24.7	0.385	12.8	16.4	0.779	7.37	29.2	13.9	5.79	2.84	9.16	15	0
40	33	7	11.76	14	4	16	0	6	5	84.4	70.6	40.1	30.6	65.8	0.466	7.08	19.9	0.355	16.1	22.9	0.701	15.8	43.7	18.1	7.08	3.48	11.8	17.8	1
39	33	6	8.38	16	2	17	0	7	3	78.9	65.8	40.1	28	58.2	0.481	8.56	22.6	0.38	14.4	20.2	0.712	10.6	36.7	15.7	6.49	6.36	11.6	15.7	1
35	27	8	8.79	14	4	15	2	6	4	79.7	68.4	40.4	28	58.4	0.479	9	22.3	0.403	14.7	19.4	0.757	9.83	37.8	18.3	5.17	2.49	13	15.8	0
37	26	11	10.16	12	6	15	3	6	5	73.2	65.2	40.7	25	59.4	0.421	6.7	19.8	0.338	16.5	23.6	0.699	12.5	36.4	12.6	7.78	3.84	13	20.3	1
36	31	5	6.39	15	3	16	1	8	2	89.8	75.5	40	33.6	64.4	0.522	9.83	24.2	0.406	12.8	17.3	0.738	9.53	38.5	21.4	5.89	5.31	11.2	16.2	0
37	28	9	9.67	12	6	16	2	6	4	81.5	66.7	40.7	28.6	63.1	0.454	7.43	20.5	0.362	16.8	24.5	0.685	14.4	37.5	16.4	10	4.76	12.3	20.4	0
37	27	10	9.4	12	6	15	2	5	5	72.4	62.4	40.5	26.2	57.7	0.455	7.65	21.3	0.359	12.2	19	0.644	12.4	37.2	13.6	6.76	3.51	11.1	16.3	0
38	24	14	11.51	9	9	12	4	4	8	74.6	71.3	40.1	25.8	56.5	0.457	7.03	20.4	0.345	16	23.2	0.688	11.9	37.3	14.7	6	2.63	12.6	18.7	1
36	25	11	10.59	11	7	15	3	5	4	81.1	72.5	40.3	27.3	59.3	0.46	9.11	23.6	0.385	17.4	24.1	0.723	11.8	36	13.3	6.28	4.28	9.83	16.8	0
36	28	8	4.23	15	3	11	4	9	2	78.9	65.6	40.1	28.1	57.8	0.486	7.81	20.5	0.381	14.9	19.7	0.758	10.6	39.6	13.9	5.11	3.08	11.6	17.3	0
35	27	8	6.9	15	3	17	0	6	4	82.6	69.9	40.1	29.2	58.1	0.502	9.86	23.7	0.415	14.4	19.7	0.733	11.8	36.8	16	6.83	3.91	13.5	18.5	0
35	23	12	10.16	10	8	14	2	4	7	81.8	75	40.4	31.1	61.7	0.503	8.37	21.7	0.387	11.3	16.1	0.702	8.69	35.5	16.5	6.23	4.06	11.4	15.5	0
38	33	5	11.22	15	3	16	0	7	3	81.3	67.6	40.5	28.7	58.1	0.495	8	19.2	0.418	15.8	22.2	0.713	10.6	38	15.9	6.66	4.16	12.6	18.9	1
36	27	9	8.31	12	6	16	1	4	6	75.7	66.7	40.1	26.2	53.9	0.486	7.42	20.5	0.361	15.9	20.7	0.768	8.86	35.8	13.6	5.83	5.39	12.7	16.8	0
35	27	8	10.69	13	5	15	1	6	5	75.2	67.4	40.1	25.9	54.1	0.479	6.89	18.4	0.375	16.5	22.1	0.749	9.43	34.5	12.5	6.14	3.63	10.9	16.6	0
40	33	7	10.69	14	4	15	1	6	5	82.8	70	40	30.9	64	0.482	5.6	17.1	0.327	15.4	20.6	0.747	14.2	40.6	17.7	6.72	4.42	10.8	17.9	1
36	24	12	9.57	11	7	14	2	5	5	75.1	70.6	40.1	27	56.7	0.476	7.28	19.4	0.374	13.8	18.6	0.742	10.6	35.1	13.3	5.47	3.97	9.97	15.1	1
37	29	8	11.14	12	6	14	1	7	5	79.7	71.1	40.4	27.5	60.1	0.458	10.3	24.5	0.422	14.3	19.8	0.722	11	38.3	14.5	6.68	5.08	13.1	17	1
38	31	7	8.64	14	4	18	0	5	5	78.7	68.8	40.1	27.4	58.7	0.467	6.84	19.9	0.343	17.1	23.8	0.715	11.6	36.4	13.6	7.24	5.82	11.3	17.8	1
37	23	14	9.75	9	9	13	4	3	7	70	65.1	40.4	23.9	56.2	0.425	8.51	23.7	0.36	13.7	19.9	0.688	12	35.6	13.3	8.11	4.38	11.9	16.2	1
37	28	9	8.45	13	5	17	1	5	5	76.4	66.4	40.5	26.8	59.7	0.449	7.59	22.3	0.341	15.3	22.7	0.672	12.9	39.5	16.5	7.03	3.59	11.7	18.1	0
40	35	5	9.71	16	2	15	1	10	2	78	63.6	40.1	27.1	56.2	0.483	8.68	24	0.362	15	19.1	0.782	8.78	34.6	15.9	7.05	3.4	11	17	1
37	29	8	11.12	13	5	15	0	5	6	71	60.1	40.1	26.1	53.1	0.491	6.05	15.1	0.402	12.8	17	0.752	8.73	32.1	14.9	5.38	3.22	9.32	16.1	1
35	22	13	9.4	12	6	13	5	6	5	67.8	63.8	40.3	23.3	54.8	0.426	6.54	18.7	0.349	14.6	20.8	0.703	11.4	35.1	11.4	5.86	3.26	11	16.8	0
24	22	2	5.36	13	1	11	0	7	1	84.4	66.4	40.2	31.1	63	0.493	10.3	24.7	0.418	11.9	17	0.697	12.9	36.5	17	8.96	3.75	12.4	17.2	1
26	26	0	3.43	15	0	12	0	7	0	92.1	69.1	40	34.2	62	0.551	7.31	20	0.365	16.5	22.7	0.727	9.58	37.9	18.3	8.31	2.85	12.1	16.7	1
27	24	3	4.14	14	3	15	0	5	3	77.6	57.9	40	27.4	61.6	0.444	9.33	25.9	0.361	13.6	18.3	0.741	14.3	41.1	14.1	8.19	4.67	10.9	18.7	1
26	17	9	8.06	13	6	11	1	5	6	72.8	68.5	41.2	26.4	57.1	0.462	6.65	18.1	0.367	13.4	18.6	0.721	9.88	35	13.6	5.08	2.65	11.2	16	1
28	22	6	6.34	13	4	16	1	5	4	82.4	70.7	40.2	29.5	64.8	0.455	7.86	23.2	0.339	15.6	21.2	0.737	11.9	40	15	8.07	5.18	13.1	16.9	1
24	20	4	12.5	14	3	13	1	6	2	76.3	65.4	40.2	27.8	57.6	0.483	7.54	19.5	0.387	13	16.7	0.778	9.13	37.5	15.5	4.42	4.29	11.1	14.7	1
29	17	12	7.69	10	10	10	6	4	6	70.7	68.3	40.3	24.6	56.4	0.435	7	19.8	0.353	14.6	19.2	0.758	10.3	33.7	14.7	6.07	3.31	11.3	18.9	1
29	22	7	7.61	15	5	13	2	7	3	74.8	65.1	40.7	27.2	58.2	0.467	6.31	18.1	0.348	14.1	21.8	0.647	12.2	39.5	13.7	4.79	5.28	12.4	15.5	1
30	24	6	10.36	16	2	12	1	7	3	79.6	69.8	40	27.8	64.6	0.431	10.7	30.4	0.351	13.3	18.5	0.72	12.4	40.5	14.2	8.63	4.37	14	18.5	0
28	20	8	8.91	14	6	11	3	7	4	77	68.3	40.4	28.5	59.8	0.476	9.71	26.5	0.367	10.3	16.1	0.642	8.46	36.1	15.9	7.07	3.54	11.1	15.5	0
22	16	6	9.39	11	4	12	1	3	4	78.9	70.3	40.5	28.2	59.4	0.474	8.23	21.1	0.39	14.3	19.4	0.738	11.6	37.4	14.6	7.41	5.14	14.3	18.5	0
28	24	4	-0.09	16	2	13	0	8	3	71.5	55.5	40.4	26.3	52	0.505	7.18	19.5	0.368	11.8	16.4	0.723	7.18	32.6	15.8	6.93	2.39	11.9	14.3	0
26	16	10	-2.58	10	5	8	3	5	7	81.8	75.8	40	28.2	62.2	0.454	11.3	29	0.39	14	17	0.824	8.42	35.2	12.7	6.38	4.08	11.5	17.7	0
26	20	6	6.66	14	4	11	2	7	2	74.4	67.4	40	27.5	58.3	0.472	8.38	22.1	0.379	11	15.6	0.704	9.15	33	13.4	7.46	3.62	11.4	15.7	0
25	16	9	8.63	9	7	13	1	2	7	75.8	70.7	40.2	27	61.4	0.441	8.12	24	0.338	13.6	17.4	0.784	10.9	35.9	15.3	8.72	4.92	11.2	14.5	0
22	16	6	9.67	11	4	9	0	4	4	75.5	67.1	40.2	26.4	58.7	0.45	9.23	26.2	0.352	13.5	17.6	0.765	9.59	34.3	15.3	5.32	1.45	9.05	15.5	0
38	34	4	7.41	16	2	17	0	8	3	76.6	59.7	40.1	26.6	54.4	0.488	5.08	14.1	0.36	18.4	25.6	0.719	10.8	36.8	13.9	7.24	3.45	11	17.9	1
39	35	4	9.87	15	3	15	1	9	2	79.3	64.2	40.3	28.2	56.2	0.502	7.26	18.8	0.387	15.6	22.4	0.699	11.4	36.8	15.1	7.13	3.82	10.8	15.6	1
38	35	3	5.12	17	1	15	1	10	1	78.7	61.7	40.1	28.5	54.8	0.52	6.95	17.4	0.4	14.7	21.2	0.691	10.3	37.9	16.3	5.95	3.32	10.4	16.8	1
39	38	1	8.67	18	0	19	0	10	0	74.4	54.3	40.4	25.8	55.1	0.468	5.21	14.9	0.349	17.6	24.2	0.726	12.6	38	14.2	6.49	6.87	10.5	17.1	1
36	27	9	8.98	12	6	15	4	7	3	69	59.8	40.3	24.4	56.9	0.429	5.5	17.9	0.307	14.7	22	0.668	12.6	37.5	11.6	7.86	5.33	11.3	17.3	1
39	27	12	10	12	6	12	4	7	4	71.1	63.6	41.2	26	55.9	0.465	7.54	19.6	0.385	11.6	18.3	0.632	11.2	37.4	16.6	5.21	4.51	11.3	18.9	1
36	22	14	9.72	10	8	14	6	5	5	70.1	65.8	40.3	24.9	57.1	0.436	6.56	18.4	0.357	13.9	20.2	0.686	12.1	38	11.5	3.83	5.11	10.4	17.7	0
38	26	12	11.76	11	7	10	5	7	4	77.7	68.8	40.3	28.9	60.8	0.476	4.84	13.5	0.358	15	21.4	0.701	13.8	40.6	17.4	6.61	4.21	12.7	19.4	0
38	32	6	7.02	14	4	17	2	7	2	78	65.8	40.7	27.6	54.2	0.509	7.95	20.4	0.39	14.8	19.9	0.742	8.24	32.4	15.2	6.74	3.63	9.39	14.2	1
35	24	11	9.94	12	6	14	1	5	6	71.5	62.7	40.3	25.3	58.1	0.435	6.74	19.7	0.343	14.1	19.1	0.741	11.1	38.1	12.3	6.77	4.97	12	16.3	0
36	22	14	8.27	11	7	16	1	2	8	71.9	68.1	40.3	25.8	58.3	0.443	6.19	16.8	0.368	14.1	20.8	0.676	12.2	38	13.8	6.61	3.86	11.9	17.9	0
35	26	9	7.42	13	5	16	1	6	5	71.3	57.1	40.1	24.3	50.3	0.482	7.54	18.7	0.404	15.3	21.7	0.703	9.2	34.4	14	5.94	5	11.6	16.6	0
35	25	10	9.29	11	7	12	3	5	5	72.6	66.8	40.3	24.9	61.1	0.408	6.49	20.5	0.316	16.3	24.7	0.662	16.4	36.3	14.1	10.7	2.74	12.9	23.5	0
35	30	5	3.68	17	1	15	0	10	2	70.3	57.4	40.3	24.6	55.2	0.445	6.83	19.1	0.357	14.3	20.4	0.701	11.9	35.6	13.6	7.14	3.83	9.34	16.8	0
40	36	4	10.29	16	2	15	1	10	2	72.5	58.2	40.3	25.4	52.9	0.479	7.2	19.8	0.365	14.6	19.1	0.763	9.57	33.5	12.6	4.35	3.17	7.4	12.5	1
37	23	14	9.48	9	9	13	3	5	7	73.3	67.4	40.7	25.8	54.4	0.475	6.32	18	0.351	15.3	20.9	0.73	9.84	34.6	16.1	6.03	2.86	12.1	17.9	0
38	33	5	9.04	15	3	18	0	8	3	72.9	58.6	40.5	26.2	55.9	0.469	5.37	14.8	0.364	15.1	22.9	0.659	12.2	38.1	15.1	5.87	4.55	10.2	16.6	1
38	26	12	10.11	9	9	13	4	5	5	74.8	67.8	40.5	25.2	55.5	0.455	7.37	19.1	0.386	17	25	0.68	13.8	38.3	14.8	5.18	5.32	11.6	17.1	0
40	32	8	8.63	12	6	14	3	6	4	71.8	63.2	40.3	24.3	54.1	0.449	7.17	18.5	0.387	16.1	20.7	0.777	9.68	34.7	12.2	7.03	5.75	11.4	18	1
37	26	11	5.34	10	6	13	4	7	4	72.2	67	40.3	25.3	54.5	0.463	6.57	17.4	0.377	15.1	22.1	0.681	11.2	34.8	13.1	6	2.59	11.9	19.9	1
39	36	3	8.54	18	0	17	0	10	2	69.9	57.8	40	24.2	52.7	0.46	6.54	18.2	0.359	14.9	22.3	0.668	11.2	35.5	13.1	7.03	3.03	10.7	15.7	1
36	28	8	9.88	11	7	15	1	4	6	83	74.4	40.7	29.5	62.2	0.474	8.36	23.3	0.358	15.7	22.6	0.693	10.4	38.5	18.4	5.94	2.94	10.6	17.3	0
40	29	11	9.9	12	6	16	2	5	5	74.8	66.6	40.4	25.1	55.3	0.454	5.08	15.3	0.332	19.5	28.6	0.682	14.1	40.2	11.2	4.72	5.9	11.7	18.3	1
37	31	6	4.8	15	3	16	2	9	2	81	61.1	40	28.4	60.3	0.471	7.78	21.2	0.368	16.4	24.9	0.661	13.6	37.7	15.4	10	4.68	10.6	19.5	0
37	28	9	9.65	15	3	13	2	7	4	73.9	65.1	40.3	25.5	53.6	0.477	8.62	21.5	0.402	14.2	18.7	0.763	8.54	31.4	14.2	5.16	2.38	9.08	14.2	1
38	29	9	9.38	12	6	12	4	7	3	75.5	65.6	40.4	26.9	56.8	0.474	8.08	20.6	0.392	13.6	19.2	0.707	10.4	36.8	16.8	6.82	4.58	11.3	19	1
36	31	5	4.86	16	2	15	1	9	2	70.3	57	40.3	24.3	55.8	0.435	5.17	14.4	0.358	16.6	25.1	0.663	13.1	37.9	9.89	7.61	5.08	9.86	16.7	0
36	23	13	9	10	8	12	4	6	5	72.7	68.3	40.1	24.9	54.2	0.459	5.78	15.9	0.364	17.1	24.4	0.702	9.64	34.9	11.5	5.31	4.28	11.4	18.2	0
37	24	13	7.84	11	7	14	3	4	7	72.2	61.7	40.3	25.1	55.4	0.453	5.54	17.1	0.325	16.6	23	0.719	13.5	38.5	12.8	5.19	4.65	10.5	16.7	0
37	28	9	7.62	12	6	16	2	5	5	81.2	70.4	40.3	29	59.4	0.489	6.19	16.3	0.38	17	22.7	0.749	9.95	35.4	17.2	9.22	3	10.2	17.6	0
37	30	7	7.86	16	2	15	2	7	4	66.2	55.7	40.2	23.1	50.9	0.454	5.57	15.1	0.369	14.4	21.4	0.673	10.2	35.5	13.1	5.22	4.05	9.78	16.1	0
38	30	8	10.19	12	6	14	3	8	3	73.5	64	40.1	24.4	53.1	0.459	7.82	20.8	0.376	16.9	22.7	0.746	8.87	33.3	12.3	4.82	3.34	8.08	15.1	1
